[7, 7] : 1
[6, 6] : 2
[6, 8] : 3
[8, 6] : 4
[7, 6] : 5
[7, 5] : 6
[7, 8] : 7
[5, 7] : 8
[4, 8] : 9
[5, 8] : 10
[7, 9] : 11
[7, 10] : 12
[6, 9] : 13
[9, 7] : 14
[6, 4] : 15
[8, 4] : 16
[9, 3] : 17
[10, 8] : 18
[11, 9] : 19
[5, 9] : 20
[5, 10] : 21
[8, 7] : 22
[8, 5] : 23
[5, 6] : 24
[5, 5] : 25
[6, 7] : 26
[9, 4] : 27
[10, 3] : 28
[6, 10] : 29
[6, 11] : 30
[8, 9] : 31
[9, 9] : 32
[4, 11] : 33
[3, 12] : 34
[5, 11] : 35
[4, 12] : 36
[7, 3] : 37
[4, 6] : 38
[8, 2] : 39
[9, 1] : 40
[10, 4] : 41
[11, 5] : 42
[7, 1] : 43
[6, 0] : 44
[7, 2] : 45
[9, 8] : 46
[9, 10] : 47
[10, 6] : 48
[12, 4] : 49
[10, 7] : 50
[10, 5] : 51
[11, 6] : 52
[11, 4] : 53
[13, 4] : 54
[12, 5] : 55
[11, 7] : 56
[12, 7] : 57
[12, 6] : 58
[9, 6] : 59
[13, 5] : 60
